Directional Gain Comparison (Task A vs Task B)
Idx | θ φ | GainA | GainB | Δ(B-A)
  0 |  90.0  90.0 |  38.23 |  36.69 |  -1.55
  1 |  92.5  86.3 |  -2.59 |  -3.99 |  -1.40
  2 |  87.5  93.7 |  -2.59 |  -3.03 |  -0.44
  3 |  92.8  93.6 |  -3.72 |   6.56 |  10.28
  4 |  87.3  86.2 |  -2.06 |   4.75 |   6.81
  5 |  84.8  89.8 |  36.16 |  33.50 |  -2.66
  6 |  95.3  90.0 |  36.61 |  34.20 |  -2.41
  7 |  90.3  97.3 |  -3.68 |  -0.32 |   3.36
  8 |  89.9  82.6 | -25.19 |  -8.41 |  16.78
  9 |  82.3  93.5 | -42.07 |  -4.82 |  37.26
 10 |  97.8  86.3 | -14.40 |  -1.07 |  13.33
 11 |  82.9  85.0 | -16.56 |  -8.19 |   8.37
 12 |  98.1  93.6 | -21.79 |  -8.21 |  13.58
 13 |  95.0  82.7 | -21.39 |   0.38 |  21.77
 14 |  85.0  97.3 | -21.40 |   4.49 |  25.89
 15 |  95.5  97.2 | -15.01 |  -8.30 |   6.71
 16 |  85.4  81.4 | -26.31 |  -4.68 |  21.63
 17 |  80.4  88.7 | -24.02 |  -0.20 |  23.82
 18 | 100.5  89.9 |  -6.53 |  22.59 |  29.12
 19 |  87.8 100.9 | -26.08 |  -0.29 |  25.78
 20 |  93.0 100.8 | -24.79 |  -4.46 |  20.33
 21 |  92.4  79.0 | -111.15 |  -1.30 | 109.85
 22 |  88.0  77.9 | -55.60 | -11.39 |  44.20
 23 |  77.9  92.3 | -33.83 |  -7.38 |  26.45
 24 |  79.9  97.1 | -28.86 | -24.36 |   4.50
 25 | 100.2  82.7 | -72.74 |  -8.03 |  64.71
 26 | 100.7  97.2 | -29.04 |   2.95 |  31.99
 27 |  78.7  83.7 | -25.13 |   0.14 |  25.27
 28 |  97.4  79.1 | -38.24 | -11.90 |  26.34
 29 |  82.6 100.9 | -13.47 | -21.65 |  -8.18
 30 |  81.2  80.1 | -64.46 |  -4.80 |  59.66
 31 | 102.9  86.2 | -26.72 |  -0.95 |  25.77
 32 |  98.2 100.8 | -20.27 |  -5.96 |  14.31
 33 | 103.2  93.5 | -48.02 |  -3.26 |  44.77
 34 |  76.2  87.3 | -39.02 |  -4.98 |  34.03
 35 |  90.5 104.3 | -43.21 |  -6.04 |  37.17
 36 |  83.8  76.6 | -57.03 |  -4.18 |  52.85
 37 |  85.4 104.3 | -48.33 |  -9.55 |  38.78
 38 |  94.8  75.5 | -43.21 | -13.13 |  30.08
 39 |  95.7 104.3 | -49.89 |  -6.90 |  42.99
 40 | 105.5  89.9 |  -2.71 |  -5.08 |  -2.37
 41 |  90.5  74.4 | -57.14 |  -1.56 |  55.59
 42 |  75.6  95.9 | -68.28 |   0.50 |  68.78
 43 |  73.8  90.9 | -46.31 |  -1.05 |  45.26
 44 |  77.6 100.7 | -69.42 |  -8.55 |  60.88
 45 | 102.5  79.1 | -60.27 |  -0.65 |  59.62
 46 | 105.2  82.6 | -55.54 |  -3.43 |  52.10
 47 | 103.2 100.7 | -111.11 |  -9.60 | 101.51
 48 |  77.1  78.8 | -49.09 | -11.09 |  38.00
 49 |  74.6  82.3 | -117.93 |  -3.10 | 114.84
 50 | 105.6  97.1 | -68.55 |  -9.02 |  59.53
 51 |  86.3  73.2 | -75.98 |  -2.11 |  73.87
 52 |  99.7  75.7 | -71.76 |  -3.26 |  68.50
 53 |  80.3 104.3 | -63.79 |  -3.73 |  60.06
 54 | 100.7 104.2 | -85.97 |  -8.17 |  77.80
 55 |  88.1 107.7 | -87.50 |  -5.94 |  81.56
 56 |  79.7  75.3 | -81.78 |  -7.11 |  74.67
 57 |  93.2 107.7 | -79.06 |  -2.03 |  77.03
 58 | 107.8  86.2 | -58.44 | -10.62 |  47.81
 59 |  72.2  85.9 | -76.16 |  -4.55 |  71.61
 60 | 108.0  93.5 | -75.47 |  -9.42 |  66.05
 61 |  83.1 107.7 | -104.37 |  -5.81 |  98.56
 62 |  71.5  94.6 | -63.53 |  -9.14 |  54.38
 63 |  92.9  71.1 | -44.13 |   1.92 |  46.05
 64 |  73.4  99.5 | -75.63 |  -4.91 |  70.73
 65 |  97.1  72.2 | -108.81 |  -3.58 | 105.23
 66 |  98.2 107.6 | -55.58 | -10.19 |  45.39
 67 |  82.3  72.0 | -43.78 |  -7.24 |  36.54
 68 |  88.8  70.0 | -114.19 |  -3.63 | 110.56
 69 |  69.9  89.6 | -50.07 |  -0.52 |  49.55
 70 |  75.4 104.1 | -112.88 |  -6.23 | 106.65
 71 | 110.3  89.8 | -54.50 |  -9.99 |  44.51
 72 | 107.3  79.1 | -53.64 |  -5.22 |  48.42
 73 | 104.6  75.6 | -73.56 | -13.17 |  60.39
 74 |  73.2  77.5 | -136.04 |  -0.86 | 135.17
 75 | 108.0 100.6 | -82.09 |   0.40 |  82.49
 76 | 105.5 104.1 | -49.97 |  -4.86 |  45.10
 77 |  90.8 110.9 | -101.87 |  -6.72 |  95.15
 78 |  70.8  81.0 | -80.90 |  -3.36 |  77.54
 79 | 109.9  82.6 | -54.40 |  -3.39 |  51.01
 80 | 101.9  72.3 | -104.58 |   1.12 | 105.70
 81 |  78.1 107.7 | -94.14 |  -8.14 |  86.01
 82 |  75.8  74.1 | -52.91 |  -4.75 |  48.16
 83 |  85.8 110.9 | -54.96 |  -7.62 |  47.34
 84 | 110.3  97.0 | -83.41 |   0.65 |  84.06
 85 |  95.7 110.9 | -110.45 |  -5.99 | 104.47
 86 | 103.0 107.5 | -57.55 |  -4.71 |  52.85
 87 |  84.8  68.8 | -73.58 | -18.14 |  55.44
 88 |  69.4  98.1 | -82.10 |  -8.90 |  73.20
 89 |  68.4  84.6 | -53.23 | -21.64 |  31.59
 90 |  78.3  70.8 | -112.83 |  -9.22 | 103.61
 91 |  67.7  93.2 | -44.39 |  -7.22 |  37.16
 92 |  95.2  68.0 | -55.64 |  -3.18 |  52.46
 93 |  71.3 103.0 | -132.05 | -13.51 | 118.53
 94 | 112.3  86.1 | -70.52 |  -3.95 |  66.57
 95 |  80.9 110.9 | -68.82 |   3.32 |  72.14
 96 | 112.6  93.4 | -83.57 | -10.26 |  73.31
 97 |  99.3  69.0 | -134.01 |  -3.66 | 130.35
 98 |  91.2  66.9 | -106.39 |  -2.72 | 103.67
 99 | 100.5 110.8 | -81.06 | -36.79 |  44.27
100 | 109.2  75.6 | -118.35 |  -4.74 | 113.61
101 |  73.4 107.5 | -123.82 |  -6.93 | 116.89
102 |  66.2  88.2 | -96.56 |  -0.55 |  96.01
103 |  80.9  67.7 | -45.76 |  -2.83 |  42.93
104 |  88.5 114.0 | -127.64 |  -7.97 | 119.67
105 | 106.6  72.3 | -84.01 |  -5.14 |  78.87
106 |  93.3 114.0 | -57.75 | -27.58 |  30.17
107 | 111.8  79.0 | -25.05 |  -2.98 |  22.07
108 | 110.1 104.0 | -116.68 |  -2.08 | 114.60
109 |  87.2  65.8 | -79.50 |  -8.49 |  71.01
110 |  69.6  76.3 | -117.08 |  -0.80 | 116.28
111 |  72.1  72.9 | -120.06 |  -3.20 | 116.85
112 | 107.7 107.4 | -92.49 |  -7.49 |  85.01
113 | 114.7  89.7 | -78.77 | -13.79 |  64.98
114 | 112.5 100.5 | -60.40 | -13.32 |  47.07
115 |  83.6 114.0 | -102.94 |  -4.33 |  98.61
116 | 103.9  69.1 | -32.88 |  -3.98 |  28.91
117 |  76.1 110.9 | -99.83 |  -3.05 |  96.79
118 |  67.2  79.7 | -126.50 |  -6.05 | 120.45
119 |  98.1 113.9 | -54.83 |  -8.45 |  46.38
120 |  65.7  96.8 | -100.81 |  -4.43 |  96.38
121 |  67.5 101.6 | -43.92 |  -7.91 |  36.01
122 |  74.6  69.7 | -112.97 |  -0.28 | 112.69
123 | 114.3  82.5 | -109.96 |  -7.35 | 102.61
124 | 105.2 110.7 | -98.07 |  -2.40 |  95.66
125 | 114.7  96.9 | -94.99 | -19.89 |  75.10
126 |  64.1  91.8 | -124.61 | -11.48 | 113.13
127 |  64.9  83.3 | -78.47 |  -1.43 |  77.03
128 |  97.3  65.0 | -130.43 |  -5.19 | 125.24
129 |  69.5 106.3 | -135.01 |  -4.14 | 130.86
130 |  83.4  64.7 | -97.94 | -11.54 |  86.40
131 |  78.9 114.0 | -126.46 |  -6.23 | 120.23
132 |  93.4  63.9 | -114.66 |   3.03 | 117.69
133 | 101.3  66.0 | -110.45 |   2.05 | 112.50
134 |  77.2  66.6 | -114.71 |  -6.00 | 108.71
135 | 102.7 113.8 | -78.71 |  -5.20 |  73.51
136 | 116.6  86.1 | -58.25 |  -3.73 |  54.53
137 |  91.0 116.9 | -116.12 |   0.72 | 116.85
138 | 116.8  93.3 | -64.32 |  -4.60 |  59.73
139 |  89.6  62.9 | -115.77 |   4.20 | 119.97
140 |  86.3 116.9 | -89.56 |  -7.11 |  82.45
141 | 111.0  72.3 | -130.44 |  -3.02 | 127.42
142 |  71.6 110.7 | -141.29 |  -6.23 | 135.06
143 | 113.5  75.6 | -119.37 |  -4.76 | 114.60
144 |  95.7 116.9 | -65.44 |   4.42 |  69.87
145 |  62.7  86.9 | -105.18 |  -8.77 |  96.41
146 | 108.4  69.1 | -122.17 |  -4.06 | 118.11
147 | 112.0 107.3 | -100.11 |  -4.46 |  95.65
148 |  68.6  71.8 | -113.29 | -17.91 |  95.38
149 | 114.4 103.9 | -119.66 |  -0.40 | 119.26
150 |  66.1  75.1 | -46.07 | -14.49 |  31.58
151 |  63.9 100.3 | -111.36 |   1.16 | 112.53
152 |  81.6 116.9 | -54.28 |  -2.97 |  51.31
153 | 116.0  79.0 | -111.70 |   0.75 | 112.44
154 |  79.7  63.7 | -98.58 |  -3.06 |  95.52
155 | 109.6 110.6 | -95.65 |  -1.46 |  94.19
156 |  65.8 105.0 | -114.48 |   0.79 | 115.27
157 |  71.1  68.6 | -123.47 |  -6.28 | 117.19
158 |  62.2  95.4 | -106.66 |  -2.22 | 104.44
159 | 105.7  66.1 | -82.13 |  -1.63 |  80.50
160 |  74.3 113.9 | -78.93 |  -0.94 |  77.99
161 |  85.8  61.9 | -103.72 |  -6.53 |  97.20
162 | 116.6 100.4 | -132.45 |  -0.24 | 132.21
163 |  63.8  78.5 | -115.76 |  -0.35 | 115.42
164 | 100.3 116.8 | -56.14 |   3.88 |  60.02
165 | 118.7  89.6 | -85.05 |  -4.89 |  80.16
166 | 107.2 113.7 | -131.29 |  -0.31 | 130.98
167 |  73.6  65.6 | -124.66 |  -0.06 | 124.61
168 |  99.3  62.2 | -121.79 |  -3.61 | 118.18
169 | 118.3  82.5 | -123.45 |  -0.02 | 123.42
170 |  67.8 109.6 | -105.20 |   1.63 | 106.83
171 |  60.7  90.4 | -96.39 |  -0.11 |  96.28
172 |  95.5  61.2 | -126.74 | -11.99 | 114.75
173 |  61.6  82.0 | -131.58 |   1.56 | 133.14
174 | 118.7  96.8 | -21.88 |  -3.47 |  18.41
175 |  77.1 116.8 | -118.22 |  -1.32 | 116.90
176 | 103.1  63.1 | -120.25 |   3.21 | 123.47
177 |  93.4 119.6 | -125.58 |  -4.34 | 121.24
178 |  91.8  60.2 | -120.55 |  -1.79 | 118.75
179 |  82.1  60.9 | -117.84 |  -0.47 | 117.36
180 | 104.7 116.7 | -51.74 |  -4.67 |  47.07
181 |  76.2  62.7 | -64.05 |  -8.45 |  55.60
182 | 112.6  69.1 | -75.87 |  -8.25 |  67.62
183 | 115.1  72.3 | -62.24 | -11.07 |  51.17
184 |  97.9 119.6 | -113.57 |  -3.14 | 110.43
185 |  70.0 113.7 | -68.25 |  -0.71 |  67.54
186 | 120.5  86.0 | -140.03 | -16.40 | 123.63
187 | 110.0  66.1 | -112.25 |  -0.83 | 111.42
188 |  59.5  85.5 | -120.40 | -10.46 | 109.94
189 | 120.7  93.2 | -128.47 |  -0.85 | 127.61
190 |  88.1  59.2 | -133.05 |   0.62 | 133.68
191 | 117.5  75.5 | -119.97 |  -8.88 | 111.09
192 | 116.1 107.2 | -64.79 |  -8.15 |  56.64
193 |  65.3  70.6 | -110.55 |  -9.56 | 100.99
194 | 113.8 110.5 | -86.36 |  -3.33 |  83.03
195 |  63.0  73.9 | -67.62 |  -1.96 |  65.65
196 |  67.8  67.5 | -108.14 |  -7.80 | 100.34
197 |  64.2 108.3 | -70.31 |  -5.20 |  65.11
198 | 118.3 103.8 | -121.03 |  -5.17 | 115.85
199 |  58.9  94.0 | -119.95 | -20.60 |  99.36
200 | 111.4 113.6 | -116.51 |  -4.74 | 111.77
201 | 107.4  63.2 | -71.57 |  -0.97 |  70.60
202 |  72.7 116.8 | -113.27 |   6.90 | 120.17
203 | 119.9  78.9 | -111.97 |  -2.37 | 109.60
204 |  60.7  77.2 | -70.64 |  -8.33 |  62.31
205 | 102.3 119.5 | -121.88 |  -5.30 | 116.57
206 |  70.3  64.6 | -118.24 |   1.37 | 119.61
207 |  78.6  60.0 | -91.70 |  -2.43 |  89.27
208 | 120.5 100.3 | -110.38 |  -4.63 | 105.76
209 |  84.5  58.3 | -104.56 |  -2.06 | 102.50
210 |  97.5  58.6 | -114.24 | -11.02 | 103.22
211 | 109.0 116.6 | -120.00 | -11.74 | 108.26
212 | 101.1  59.5 | -113.21 | -13.49 |  99.72
213 |  66.3 112.6 | -104.89 |  -2.15 | 102.74
214 |  57.6  89.1 | -122.82 |  -3.44 | 119.38
215 | 122.4  89.5 | -114.40 |   1.45 | 115.85
216 |  93.9  57.6 | -97.95 |  -6.97 |  90.97
217 |  58.5  80.7 | -142.27 |  -2.08 | 140.18
218 |  75.4 119.6 | -81.13 |   0.10 |  81.23
219 |  72.8  61.7 | -82.25 |  -7.41 |  74.84
220 | 122.0  82.4 | -71.14 |  -9.33 |  61.80
221 | 122.4  96.7 | -136.54 |  -1.23 | 135.31
222 | 114.0  66.1 | -116.19 |  -4.46 | 111.73
223 | 106.5 119.4 | -117.98 |  -3.03 | 114.95
224 |  81.0  57.4 | -109.32 |  -9.02 | 100.30
225 |  68.5 116.6 | -123.74 |  -1.49 | 122.25
226 | 111.4  63.2 | -121.22 |  -3.91 | 117.31
227 | 117.6 110.3 | -80.93 |   0.01 |  80.93
228 |  56.6  84.2 | -98.51 | -11.86 |  86.65
229 |  75.3  59.1 | -118.49 |   2.89 | 121.38
230 |  62.3  69.5 | -112.03 |  -6.40 | 105.63
231 |  64.7  66.5 | -98.73 |  -6.10 |  92.63
232 | 115.3 113.5 | -128.79 |   0.08 | 128.87
233 | 119.9 107.1 | -147.02 |  -3.53 | 143.49
234 |  60.0  72.7 | -117.10 |  -7.84 | 109.26
235 | 124.0  85.9 | -134.02 |  -0.09 | 133.94
236 |  86.8  55.9 | -127.35 |  -8.94 | 118.41
237 | 124.2  93.1 | -121.04 |  -7.25 | 113.78
238 |  67.2  63.6 | -124.51 |  -3.25 | 121.25
239 | 112.9 116.5 | -111.22 | -18.08 |  93.14
240 | 122.0 103.7 | -122.38 |  -0.92 | 121.46
241 |  71.2 119.5 | -91.80 |  -0.93 |  90.87
242 |  57.8  76.0 | -117.40 |   0.08 | 117.47
243 | 123.4  78.9 | -100.97 | -11.19 |  89.78
244 |  69.7  60.8 | -124.12 | -17.96 | 106.15
245 |  77.7  56.6 | -105.82 | -14.18 |  91.64
246 |  83.4  55.1 | -104.91 |  -6.91 |  98.00
247 |  55.8  79.4 | -102.38 |  -1.16 | 101.23
248 | 125.8  89.4 | -126.36 |  -4.32 | 122.04
249 | 125.4  82.3 | -113.50 |  -1.61 | 111.88
250 |  80.1  54.3 | -117.91 | -13.44 | 104.48
251 |  74.6  55.8 | -112.04 |  -0.23 | 111.81
252 | 127.2  85.8 | -125.55 |  -0.13 | 125.42
253 | 127.4  92.9 | -122.11 |  -6.77 | 115.34
254 |  77.0  53.5 | -116.14 |   0.72 | 116.86
255 | 128.9  89.3 | -119.09 |  -1.37 | 117.72